108000
108001
108003
108004
108005
108006
108007
108009
108010
108011
108012
108013
108014
108015
108016
108017
108018
108019
108020
108021
108022
108023
108024
108025
108026
108027
108028
108029
108030
108031
108032
108033
108034
108035
108036
108038
108039
108040
108041
108042
108044
108046
108047
108048
108049
108050
108051
108052
108053
108054
108055
108056
108057
108058
108059
108060
108061
108062
108063
108064
108065
108066
108067
108068
108069
108070
108072
108073
108074
108075
108076
108077
108078
108079
108081
108083
108084
108085
108086
108087
108088
108089
108090
108091
108092
108094
108095
108096
108098
108099
34000
34001
34003
34004
34005
34006
34007
34008
34009
34010
34011
34012
34013
34014
34015
34016
34017
34018
34019
34020
34021
34022
34023
34024
34025
34026
34027
34028
34029
34030
34032
34033
34034
34035
34036
34037
34038
34039
34040
34041
34043
34044
34045
34046
34047
34048
34049
34050
34051
34052
34053
34054
34055
34056
34057
34058
34060
34062
34063
34064
34065
34066
34067
34068
34069
34070
34071
34072
34074
34076
34077
34079
34080
34081
34082
34083
34084
34085
34086
34087
34088
34089
34090
34091
34092
34093
34094
34096
34097
34098
34099
100000
100001
100003
100004
100005
100006
100007
100008
100009
100010
100011
100012
100013
100014
100015
100017
100018
100019
100020
100021
100022
100023
100024
100025
100026
100027
100028
100029
100030
100031
100032
100034
100035
100036
100037
100038
100040
100041
100042
100043
100044
100045
100046
100047
100048
100050
100051
100052
100053
100056
100057
100058
100059
100060
100061
100062
100063
100064
100066
100067
100068
100069
100070
100071
100072
100073
100074
100075
100077
100078
100079
100080
100081
100082
100083
100084
100085
100086
100087
100088
100089
100090
100091
100093
100095
100096
100097
100098
100099
